5531
5922
7480
8293
4665
245
3854
6261
5421
3508
9358
2567
8655
795
4619
9075
161
9523
4312
1648
5102
2033
1493
910
3148
6236
9639
6275
3590
6193
8038
2100
9891
5722
8549
347
8373
3989
9150
3260
3647
6120
5307
4788
7426
109
5091
2310
1632
8620
6676
7994
8370
9004
1750
6407
2229
4525
1130
8211
6107
3846
1605
227
6092
2065
378
5047
2790
3018
7950
2383
398
1311
2768
1062
8686
6732
5039
7576
3630
333
9656
6069
761
4730
6184
4799
8316
1264
7760
6530
2587
3096
8111
4595
8610
5705
6085
716
4926
1692
3961
4510
5777
896
8350
6792
5576
8471
255
9185
479
103
6997
6926
7592
3887
8648
7552
6351
6927
293
583
7909
7163
3538
2933
67
36
8452
7942
4995
2439
4721
4709
6816
4174
1314
5277
4684
5903
4015
2281
1845
8809
5370
1106
2159
7153
7131
6337
7178
7203
3714
8147
8068
9162
5122
6362
6286
3733
2214
7207
3465
9425
9220
2423
1691
7668
7851
7702
7527
8999
2950
8821
8185
8891
4358
6663
7222
4276
5085
86
9132
8814
1084
6875
52
8501
343
8605
7743
8491
1121
9978
1168
2410
3519
9386
8383
9746
7597
5669
6353
3706
7925
2287
3267
5343
7775
7874
9435
3525
7676
4824
9568
3124
9915
5514
6322
8730
7441
1231
1022
6989
51
9302
1874
8792
6387
8528
6957
4429
650
2079
4974
3791
7794
5292
9191
1334
5489
9621
593
3740
1612
5331
2119
4652
2289
4437
7681
8818
8646
6499
3456
824
4069
2909
1817
9964
4911
4040
1780
7305
6488
9165
5724
9218
4630
9410
6544
2462
7454
1774
3242
2523
5818
8590
2942
393
2066
5209
903
1408
7394
2938
3998
1994
7990
9354
2850
1792
1908
6461
5327
5707
1407
924
4463
5396
1556
7588
9320
6528
1629
449
4391
7784
2898
5294
9681
6458
2074
5941
3140
426
549
5440
4124
5534
5073
1637
4526
3428
5044
4051
3198
5678
6670
355
7417
1505
4222
9015
2515
6696
9352
8120
4828
8653
714
6339
6125
6631
2767
7339
3251
2334
35
1646
4877
1364
1726
4749
6355
7273
6093
3939
8178
6266
5473
9128
668
2241
7468
9883
4503
760
2625
307
8247
8289
1058
700
2980
1115
9676
2272
1734
6033
2977
8521
1382
3838
6950
6498
5136
7790
1490
2750
9536
7672
3386
3845
4783
3023
2203
8107
817
6552
1351
7908
4262
5714
9686
4047
987
8243
2502
4546
6796
2512
4529
846
7593
828
9
1409
7114
6959
3101
647
2087
2787
3454
9898
308
4214
5400
3780
7383
9139
9369
1681
7358
1478
6785
6420
3229
7910
2822
5575
2953
3777
3282
8863
745
2363
7647
5553
4786
2931
6462
5166
5995
2082
7596
5468
2391
3913
7256
621
3384
5239
925
4772
5530
5993
432
4849
9870
5116
5471
9258
4257
4208
1593
3225
1124
8913
403
2559
6146
9379
1918
5802
3256
8966
9781
5012
325
1715
330
6456
597
3727
2640
4263
2606
1353
1902
6168
8004
5627
7644
1093
750
9430
3730
4542
7698
8019
4583
7279
7235
9561
7040
891
6330
538
7198
9966
5438
8959
2156
466
4097
1694
6202
6533
9947
1837
6974
7918
6196
6246
4506
3758
3263
8184
8916
2648
4580
944
3930
6594
936
2970
6760
2985
510
1221
2758
1367
9574
3629
4143
6467
9325
3278
5428
7796
4033
6506
9769
4653
5407
5947
1719
6293
1554
5183
722
6291
5782
1166
6784
6446
1397
187
9893
2604
5934
679
8532
4099
2506
914
9835
2389
273
9758
4651
8454
8177
7084
60
79
8352
4334
6655
5917
1881
1163
3191
226
4901
7545
6100
1516
2935
5081
6204
7329
5625
3441
3859
7003
6510
6190
46
7787
2088
3524
9274
4538
7642
303
6336
1127
400
1624
3204
3056
3938
1647
4441
5906
1269
2897
3908
197
1627
3545
3104
5482
2361
9738
6300
9327
4432
1473
5324
6789
6404
7419
2489
3959
3608
4785
8196
5915
7255
1135
9822
454
8191
8005
2319
5156
1071
2321
607
3394
5442
2690
4745
6910
5994
7111
9956
2852
5474
5020
5258
279
5816
4001
5027
7646
3649
2566
151
2563
8156
2324
5439
922
4737
1216
7336
6217
4784
7567
9688
4372
2600
1255
2694
1053
6144
9123
4578
6413
6352
4026
3200
9578
6554
3719
6434
9816
9329
957
9496
9944
4833
1
1685
6442
4682
5568
8097
8934
3206
2470
8088
17
3009
7671
2298
676
508
3409
501
3075
8738
268
1804
5546
5341
956
9858
590
2721
3750
5079
5605
9355
2783
5466
3430
6036
9597
960
2708
771
8050
9263
5451
1504
9344
150
8824
1711
6502
9155
8503
199
8864
8591
5691
2996
9163
1466
5562
6768
6121
3171
9583
6249
9515
6213
9512
6527
666
9559
1031
5847
2658
7907
6048
3556
8825
5897
8405
2530
3199
5771
7922
7819
7682
7641
8110
9208
7806
7502
102
4956
6061
371
8436
5104
4564
3813
8665
1978
4631
8009
7030
5334
44
4240
6806
2843
9310
1515
23
3072
5517
137
7304
8304
874
2739
8724
76
6836
2811
359
6525
1957
8465
5798
4993
1195
1772
3549
1943
1320
1801
7610
7731
1822
1509
4613
5659
4625
2142
6778
5026
8420
8399
1001
1649
9818
4260
6046
6514
536
9959
8096
1970
335
1290
3376
5689
3373
2155
2661
3302
7804
6621
5433
3787
8397
5002
2888
8661
1974
1089
6059
8988
4832
8164
1463
1104
9137
8553
3514
8530
8125
5541
3006
3077
6646
1236
5210
8022
4050
8139
8545
6118
7265
6874
8634
6239
8962
7551
3114
1317
3025
2164
9305
6398
1268
2278
3599
7968
821
7613
2885
6013
9521
2019
8956
8527
9101
2168
9240
4179
5274
5266
6007
3991
9334
4942
9002
2134
6500
625
3151
3268
1447
8954
7608
6790
6595
8308
5853
5744
302
9222
2949
9777
8410
815
2653
4607
4496
1095
2740
3103
7209
9097
2657
6439
7900
8194
9749
8577
6436
4533
5195
5453
4039
8381
9129
604
2501
1451
9662
1300
5880
4722
4030
734
5219
926
3310
3528
1995
5841
8417
9027
7452
4259
2216
2500
192
7242
3978
2280
4906
2408
6723
8635
2519
9260
2125
681
4059
321
9514
4695
1185
1078
5206
4054
412
6653
7724
6169
6799
7983
1928
3336
5086
4347
5593
3699
998
3676
7107
6508
9558
1899
3084
3128
8137
3343
9151
4796
6363
8077
3910
2228
8874
3708
6582
5596
6312
5511
8066
9942
2934
3660
3861
8467
277
8416
1356
4897
2034
1882
4056
4282
4453
8326
9674
6222
904
5810
8807
7923
7121
1181
4009
8919
6793
1012
2574
8102
3466
8674
5270
5283
4290
4225
9546
3413
6590
8958
7061
1489
1867
5107
4025
983
397
8346
5271
7878
7130
5756
8109
9526
1352
6372
3448
2525
3389
225
2784
2712
6746
9214
9495
8793
5580
9431
7533
6209
2943
3185
8463
2647
572
759
2197
629
9236
2622
4459
6946
6494
5062
8379
5380
3286
2702
6084
8706
3869
9147
6116
2182
6423
4325
9874
3455
8689
1597
4294
8356
516
3547
6775
5866
5344
6536
6263
384
4408
34
3513
4550
3675
6220
6072
1073
10000
977
8206
7903
5378
9921
3565
2774
1042
2601
7396
8500
8981
6491
483
3471
6319
7732
6726
8143
8306
6015
2305
6252
3963
7633
3918
5017
9829
653
2894
358
8939
5241
6707
8205
4477
3458
4944
930
8469
2047
8451
7680
8349
4931
9734
5753
1349
4211
7564
9498
8098
8886
3543
725
864
3001
3236
8757
3517
4827
5059
7043
2621
3760
6538
6465
1270
8245
6741
2238
6842
2404
7118
4671
982
7074
5236
7801
522
4658
5009
5259
9848
787
9444
2682
7728
2117
2495
5959
5071
8542
7982
711
5573
3832
5247
8078
6625
9820
3804
4537
7068
342
8866
688
2560
1931
4203
4219
3707
8558
295
5310
8233
4495
8622
1584
136
4396
6918
2830
3765
2711
1741
7574
8225
8473
4933
619
9946
4719
7126
2430
3889
1751
3303
7257
6180
5848
6809
4934
3015
7425
6375
1853
4705
5801
8986
1939
121
2141
1814
1887
2425
1283
2170
7635
1932
540
7563
9846
2482
6773
2593
2453
7081
2932
7375
362
7675
8841
9965
4584
5703
5326
7513
7154
8343
1393
2558
4990
6599
433
6145
9096
5528
7310
4261
3474
1700
1116
923
6194
1339
1665
8589
5633
3422
5626
4289
3159
4397
1419
1824
8100
7449
9949
5797
3576
5508
1249
8062
2180
7274
8615
3274
144
4545
5245
1449
633
9586
8026
2128
7912
3345
8016
7507
6872
7020
8198
1246
9003
7023
1248
4961
4016
1013
193
329
7401
9086
496
1190
4380
1418
1051
6212
5721
1143
9905
5904
9937
6627
1220
3080
893
9235
8594
5223
4916
3406
2242
6531
5267
8061
3722
1137
7621
7516
4036
3855
818
4585
8717
2265
4065
3184
263
8287
6876
173
3359
9527
1454
1075
3381
9469
7817
699
5569
7926
1173
2397
6738
6237
3679
9084
1903
3710
2308
4573
9715
4231
9878
9221
1896
66
7308
8250
1744
3212
4677
1823
7795
3487
7473
7792
8073
5924
4310
5186
5448
3003
1946
1291
6820
2436
1020
9999
2188
8484
1461
8375
7294
996
176
311
9298
8928
1459
2347
6756
6
4870
1065
3715
4656
2965
8797
7814
9728
9912
4591
7036
5992
473
1904
2375
8430
1749
7190
5010
1619
6175
3173
9307
6962
9451
5549
566
8028
1576
978
6473
190
7474
3220
9058
4117
2344
5342
1601
1234
1222
1964
6295
9364
1977
7078
8555
7196
598
4636
2027
2548
5616
7632
4775
9588
971
4876
3641
9377
298
7298
4524
9243
657
9685
306
5383
7169
8315
2097
8188
8418
7975
7057
9288
9389
4209
6632
9667
7438
810
9675
1848
6698
427
2311
4740
792
8485
4442
287
935
2677
6026
2199
4141
1655
2741
4858
9670
2913
3349
133
1026
234
85
990
515
768
4829
9285
6197
379
747
4220
7254
3365
9094
2190
6860
6140
1885
8081
9624
2098
3573
108
862
6877
1517
2003
6136
11
1005
592
430
421
8719
5865
123
7734
505
7692
9312
7058
9940
691
8943
92
1724
6900
9050
1791
1400
7969
8641
5441
9991
3132
9099
2959
8090
9056
3673
1267
4815
7261
5817
1641
5036
5257
6581
6898
6073
3113
8056
5367
1510
6381
9576
9019
5000
2924
6240
6908
7355
8773
6070
1131
4166
5809
7810
4300
8433
7620
3033
5419
9378
6060
7208
1033
2464
1384
6253
6945
3082
1306
5732
7774
5189
1251
2487
5434
4886
45
7041
228
145
4912
4180
3568
7146
4299
2306
4296
2189
1114
9566
3703
6788
336
3340
1552
3011
9748
2048
9747
8042
8889
5115
457
8804
6736
773
5329
4487
7343
809
4551
5851
1687
8441
969
6634
7565
3388
7301
5622
2442
7870
5620
4859
5120
5867
9171
5128
991
1158
5878
181
578
4635
3793
1871
8838
3917
8124
8187
1497
9062
1057
4375
5001
7714
4035
534
1474
8218
20
5565
8710
8702
6157
5858
2277
3010
5567
897
6688
1993
9884
4204
3419
7348
8846
1345
3106
6516
3189
1308
4187
9622
260
7747
9668
8835
7201
8232
5609
7920
2762
5905
4729
447
324
5272
5
1929
8126
2449
8735
8204
1564
5710
6694
584
487
5606
8922
7318
7555
152
7566
3705
5670
439
3186
4164
6614
9916
353
1830
6130
1024
7306
1861
4690
78
2735
1376
1631
5982
7572
2465
7496
5188
6597
5873
4555
4562
4159
4302
3002
5345
1863
2623
9503
2370
4011
7093
2551
6660
7219
8246
1325
2999
7386
5032
2780
7935
7607
4321
9256
5945
388
2267
7271
6849
6753
3317
5237
8882
4258
3494
2991
8300
2925
6979
2748
2167
8978
1506
6651
783
3974
8224
4699
9438
4674
5218
5901
7609
2246
980
7571
7391
7338
2570
4121
1437
3116
8803
4795
5923
6548
7106
9753
404
6392
6317
9351
1054
8499
1623
8783
1444
7459
9606
9372
7776
8396
9596
5717
7240
9652
6948
5727
1611
5124
974
2904
1055
6431
208
5800
5082
7152
9452
9948
6173
6435
3591
118
7079
366
1526
4419
3356
9826
4306
7861
7757
6016
4178
464
3283
3754
8295
6430
7713
8207
1754
1762
7427
1558
4500
1414
1869
1638
3997
9212
3363
2063
738
1987
911
2923
1888
4346
5211
797
310
4575
7471
4271
7212
5891
7921
3866
53
2509
9119
7626
4344
5537
7032
9637
3126
573
2848
140
9211
5180
9581
3470
2639
5586
9254
1941
5741
9231
4192
4758
7370
7752
4446
4107
7938
9852
9282
5909
8742
6640
8159
6882
8716
445
7932
1545
5984
7500
5990
8794
4986
7006
9834
1100
3257
2861
4587
2218
1693
3473
7845
5250
4628
1069
5956
7504
2878
2328
2930
6425
5110
9390
1128
9902
1070
1746
8548
3332
5719
5930
4089
7799
7176
3773
9952
3051
8476
4014
7012
5957
2680
2703
3316
9183
7482
9120
7520
4292
7182
6744
9892
5040
54
5522
4819
9012
5767
8673
3742
5215
4884
4966
9408
13
678
219
354
4861
9609
500
4848
2906
5390
7951
2247
4808
56
683
2326
9105
4468
3602
2651
6110
6610
3557
9541
6099
4805
1776
174
2659
6345
7148
9458
6444
2407
383
1287
5826
7706
8580
4689
7377
5172
9324
7997
6857
1960
7437
8879
5835
8512
4067
8360
698
2873
2912
6963
294
4389
9136
3270
575
868
9300
5330
3778
202
2254
610
8523
3192
1568
3551
4196
2060
168
8336
835
7540
7919
1518
5280
1910
5519
7086
8215
3371
3367
6936
82
1925
1988
4230
7451
3050
1415
5253
4390
654
2738
9291
4725
4918
3587
9067
1110
5302
1123
9083
6673
9659
5196
6334
2889
7543
6680
4087
884
5536
1541
6922
6224
4345
8683
7854
8085
2720
2422
8927
3747
5306
8903
6472
8071
1523
8041
2940
6717
9479
6596
7859
4927
3437
6965
4505
2129
5500
3735
2520
4522
4773
5458
6955
1940
8896
1348
7981
3482
9706
5041
9388
6338
2445
9286
2871
8538
4830
8747
8411
9107
9486
3784
2699
5805
8029
644
1591
2293
3497
4972
7984
8761
9427
9894
8299
5883
4115
7465
8871
9346
8994
1021
8254
7868
158
3796
4544
8847
83
1807
1550
8820
6645
5932
7328
3181
9247
8933
2169
8826
5134
1590
6851
2859
7741
1098
6475
4474
9437
8799
3013
7184
8319
9322
7697
87
3423
2753
7636
3884
570
2863
1412
1076
9453
3554
9000
9859
543
3902
1521
4520
6561
2550
1717
639
6178
4938
2749
7239
7302
2085
8354
4566
5361
7322
7200
7047
4883
2351
3007
8011
180
1933
1336
7319
6740
5837
1118
3637
808
6585
9585
2089
465
7349
1096
2312
1614
3444
5256
5308
6331
9384
241
8723
3475
2779
4254
7598
8946
238
122
9508
8845
4629
8581
8377
6814
7638
9186
8813
1806
4355
2461
89
1528
6630
3416
9295
6639
7844
4620
6174
6930
1323
5712
8371
8875
6022
5731
5076
2270
2055
5003
9814
6225
9418
9144
3408
5929
2177
7771
5217
6847
1247
6644
3483
5130
3163
2115
4940
9716
4183
4248
1023
331
8565
2401
6970
4228
3667
6868
6027
532
3210
4984
3899
2416
4563
865
7280
1204
370
7385
1330
26
6238
5234
7818
729
952
2964
9304
9138
1395
8365
1544
6264
5730
2360
4319
4064
707
1952
6734
685
9590
7673
3244
8398
8924
1422
753
6713
5435
2024
4747
5432
6000
5127
8174
4726
6053
2637
4423
8161
4603
9604
2234
1702
9133
9755
4272
1769
186
5260
8597
2634
408
9349
4707
9742
664
5775
8123
8141
3837
4443
2049
2751
2685
1427
755
6156
5832
7060
5229
2499
9614
1800
9718
4850
9687
3969
9672
4379
7344
8074
6755
9811
7395
8092
3146
2220
709
4146
4032
2775
1722
1551
2876
7211
2322
6657
649
5043
6106
7311
1434
697
7723
8768
5313
5829
7250
6483
2160
7986
461
8128
5509
823
417
2829
6460
2582
3004
5972
3395
3380
8680
5910
9554
9224
2193
4764
3253
4807
4844
9876
5958
9520
5618
6272
1261
3515
5698
8759
5666
222
2777
7369
2994
368
3218
7363
4361
7991
5715
888
6709
1227
8601
1643
7791
8511
9889
5750
3638
1795
467
5985
6565
3213
8493
8119
1810
4779
9299
4460
2059
8282
791
5754
7542
6716
4466
6199
8975
4324
2856
8186
7172
1219
1254
9044
5227
3063
2588
5131
7785
9690
2747
4976
3187
4042
3030
9387
9815
9275
9172
5505
3165
9316
8344
6364
5366
4639
9350
1961
8200
702
9704
5387
2406
8217
8798
1479
5660
927
2828
7871
4307
3831
2620
2815
7553
6887
4438
8536
8422
4675
819
1194
1606
2660
4811
7575
6580
7089
8679
452
2545
4987
7453
2809
4084
9407
5968
5911
2960
7993
916
7026
8614
7943
8450
5671
9803
2899
1196
8663
8278
1797
4072
7677
9645
1872
4871
770
4744
4593
9845
5652
2069
6476
328
6994
7944
9754
6416
5611
7514
1852
7295
4348
9264
9239
9866
2359
3752
8583
9882
9176
8442
8031
3880
9024
4692
8637
191
3702
7890
7765
2071
3133
5252
90
1919
9118
8827
4185
3217
3806
2276
9739
659
4213
4540
6214
9994
3770
2184
5623
2147
3616
2707
2372
7368
2513
813
3337
3937
4322
5488
7537
7821
4393
9178
6282
6751
1884
3916
3544
7145
8166
5661
5740
9862
5317
4077
1228
6411
7843
4323
8424
2239
5475
5150
5518
8310
3495
9142
1876
2219
6432
555
5177
8115
3516
3658
5752
9153
8652
7135
4190
7314
1498
5688
62
7458
3934
8626
4237
3664
765
6232
6137
3872
7485
7361
5141
9087
6555
8447
2309
4458
6143
2333
5838
9471
948
5375
4058
6492
5587
4485
6954
9158
7010
1324
8745
5185
489
5758
2697
3922
710
4732
6256
6727
9630
5986
6025
1836
9109
885
5619
4440
9511
5138
3542
4135
2196
3920
5987
3691
9111
6281
4770
8910
22
3296
3546
4467
6838
6348
2259
6715
6043
3800
1431
2614
300
6037
5788
4005
2104
9855
8508
9849
3322
4977
9689
8226
3254
5410
2440
6598
1099
4268
9584
2331
3903
1145
8561
8613
1199
8305
1149
9035
4962
2638
6683
9417
5263
7820
5770
906
2432
3346
2963
5230
5192
1262
5129
4175
3982
221
1997
6879
6733
5597
1549
3319
1626
6772
3123
182
4402
3964
3631
804
8203
8428
2151
8044
1703
5644
8390
4106
1411
8339
9570
9961
5045
3452
7515
9177
3815
8707
6049
7661
2249
2599
7323
8840
7602
6800
4163
4802
4476
8991
5070
344
1982
6762
1316
2315
1938
913
9093
3873
2285
6593
29
8392
6031
3309
1723
8240
9880
5871
6550
250
866
2818
7333
5450
1388
1337
7029
5154
1920
9611
9342
560
9382
3299
1122
1360
9007
9188
4126
8281
4864
2385
4754
2297
5699
800
2139
3318
1192
9114
3024
9955
1511
9580
1276
3976
3141
756
2547
3032
4267
6819
7999
5276
2704
4967
3061
6783
3539
7283
1678
7996
3093
1633
9073
6881
1569
9432
7961
9246
1208
589
1843
3233
6050
645
5103
4548
1891
7856
6864
615
762
3300
5058
5008
902
8785
3558
1968
1340
6895
3950
8084
6321
31
3161
1036
7378
7364
9169
7327
9143
8345
6865
1752
6297
6890
9457
340
7063
634
1375
9740
7688
4919
8963
2186
10
6332
9979
1579
3894
1038
4539
1296
1048
3677
5803
2316
8836
1157
9266
574
8151
3874
9270
237
754
6574
5749
3582
6521
4782
8460
6665
1010
3665
8806
1571
9455
4332
7570
1025
1720
984
3681
5506
5881
1981
9775
8848
1781
148
600
5035
7770
9174
6697
9863
6393
6613
4541
6515
4112
2652
7788
7721
7069
1865
8340
8529
1547
3249
9179
8765
318
7160
3188
1428
2466
6448
9053
4504
9709
9331
1294
9844
3052
7487
5636
6223
3595
2153
1986
1494
3180
2399
2516
8668
8854
7828
836
7573
7808
235
1634
2062
4988
579
5121
8789
3810
727
7670
4195
365
7550
471
8550
2522
638
801
4750
15
951
9910
1858
5319
9449
8984
8763
6870
4704
5384
2527
4818
8657
5975
7581
6556
5205
9644
932
9272
9553
2725
4114
8274
8778
3073
8291
7707
1063
6367
9130
7710
7289
6242
5907
999
807
816
8537
2491
2839
3398
2834
5264
5114
8711
2770
6385
2961
7175
9831
9808
6079
1667
6730
1559
2057
9154
9213
5108
1813
9170
9069
6428
1006
392
6081
5736
9975
9306
5362
875
4131
6294
6314
3214
4238
4157
582
7755
5427
107
252
7105
3967
3536
8749
1644
4810
535
80
8955
2583
1832
6587
4973
1307
4316
2174
7134
6920
7750
7595
3711
4287
9710
5155
8767
6335
7848
1404
5566
5942
1365
2263
8255
9392
1768
7606
9293
5052
4301
8670
6457
3980
9871
3550
2910
3335
3523
6449
4517
3979
8900
288
5725
9064
9907
7393
8025
997
2032
1156
5585
1962
2318
179
7141
2222
1460
8743
985
5630
2814
1636
2479
5315
646
4022
6268
1820
2857
3498
3888
9538
1438
5481
1898
5632
9472
908
3273
8059
2078
7489
4949
1868
281
2539
6427
8012
130
786
851
1359
240
4890
2362
3312
8772
3875
898
9017
1599
5063
9608
1218
3790
749
2124
5356
1301
8787
7046
6566
2833
8157
4763
3071
8057
1530
4857
5132
1712
9098
7467
6040
7781
6068
5203
84
8740
9443
4308
4133
5895
7884
8832
929
4579
2554
606
9416
9504
6052
6915
6960
8609
9152
518
6831
696
3725
2884
2398
2646
4428
7404
7038
2872
506
9903
5607
7924
2145
9798
2340
9483
631
4093
1879
7179
1669
5561
530
741
8480
9468
873
2202
3809
7324
5278
4888
2510
5834
746
6805
3995
4120
4571
3306
499
9242
9009
6743
717
2227
803
7423
4586
4982
8935
7526
3110
5170
7832
2528
8401
732
4317
1998
8317
4012
2675
5928
1689
3600
7245
1341
979
9935
4664
480
6419
5300
3348
2469
99
8815
4340
6477
5135
8230
5430
7098
4313
3152
9353
8006
673
9462
204
2146
423
1260
8639
9429
1387
8712
8936
7738
9363
2429
4251
1539
2296
4021
8703
7183
6388
4104
435
6012
9092
8633
9591
9787
3016
3610
5111
796
3737
9726
5768
802
1385
4075
8895
7094
6815
5953
9202
2380
4781
9223
7286
3105
7341
5072
5213
1394
4191
9145
6254
2424
529
9318
5478
1716
9160
2736
267
5422
2589
9505
2477
9396
9332
3118
5648
5029
9682
2972
5038
8750
7914
9702
5201
7220
2728
9173
7477
1217
8072
9833
757
9812
6907
420
1238
9982
8651
4963
3091
8868
18
5499
8993
3377
1241
3911
9192
2926
9525
9721
5830
9446
296
8746
169
2505
9100
7833
6942
5577
8640
973
6825
2108
5781
5137
5824
7777
9745
4712
4891
8034
4128
1136
9765
5285
6941
1203
4341
665
9697
3891
2892
8302
2503
30
8754
3611
9102
8027
8024
6693
3571
442
8650
4953
8431
422
2046
6592
5954
8560
5783
1735
9365
3405
5766
9601
2650
55
954
4445
4368
3284
1245
2945
2044
6648
9896
1160
2224
2490
8322
3604
5937
3479
1907
9127
2521
9281
877
894
7316
6496
8311
861
5023
617
9890
7556
3693
5739
5088
4731
456
9060
728
1088
7882
6086
14
1018
5608
3732
2365
1753
9297
9296
9700
1034
9001
1524
256
6078
1442
472
1984
4412
8366
201
341
2893
967
3295
8208
8114
7737
6486
7623
2015
6658
8003
3453
514
5658
6005
5006
8672
3572
5685
993
6021
7709
8407
7730
6183
7877
5284
2231
6389
6940
3325
1948
2014
1683
2172
5352
1201
5943
3870
507
9190
3362
5355
1849
5720
5037
3121
1543
1718
4244
6058
2786
8404
5144
4148
9694
4018
9199
526
8095
7669
5046
8046
8628
2086
4197
7252
9080
9294
1815
8636
8384
1747
6889
9638
8906
2339
8015
7892
160
9513
8002
3999
8330
677
1765
859
2988
1859
8987
96
9677
5290
8257
6911
4999
8573
1950
608
1443
5476
5681
3883
2426
7018
2581
6344
4676
7436
5199
1677
4606
8625
8584
5125
5092
5101
8010
5525
3277
3467
4923
8459
8037
2866
446
8318
4363
6643
3871
7062
4285
257
9516
7007
1471
9895
2686
9506
230
3906
7455
9068
5338
8998
8252
2864
5182
7727
2043
7599
5902
8290
6642
8525
2016
7535
1613
3957
4082
7140
9823
8091
4201
1467
2133
9421
8992
1600
7281
25
7512
961
97
9287
9537
131
5054
6453
3620
4900
7899
3955
8391
3265
72
9657
419
7197
4162
4398
2701
5395
9807
1044
9292
9695
5946
4822
5312
7120
2484
8893
2130
7518
8348
9359
6397
146
6662
8474
6405
1064
6233
3695
972
8023
1651
9106
541
374
3147
462
350
684
4337
1894
4809
2745
469
4841
3931
9033
2243
3305
9778
3500
6728
7259
6761
3712
7258
3
890
3285
8507
7017
3986
6309
4739
3400
7117
2266
3552
7519
9589
5663
3826
4663
6534
3716
6406
9016
8883
3208
2288
1860
7759
1028
2096
4436
8481
9943
8475
5080
117
920
5591
5119
1662
6503
4590
1297
7253
4140
7138
2274
5657
4797
1684
6152
7448
9241
9362
3040
5491
6471
3729
6383
9733
3876
1906
5855
814
9762
3353
587
8937
7413
6802
9309
3771
5653
3548
1452
236
8421
870
1252
7431
410
8440
4632
1406
7412
4576
605
7221
6647
8497
3234
6497
9532
448
2236
1147
1770
3824
4862
8468
3977
94
402
9488
5713
7054
8709
490
9245
6257
3107
2886
8227
156
1310
9836
3288
1799
1949
7243
332
5360
7193
6812
8957
2260
8083
953
7067
125
2223
3668
2473
3578
9801
9857
3460
2865
7189
9217
2698
6611
8860
7389
3926
557
405
5055
2039
5287
9605
9262
8664
1738
9958
3068
3774
949
8624
9122
5645
1514
2058
4234
8756
7898
7090
3139
2390
1985
360
4817
3585
9357
9021
6008
9095
9976
5757
9216
7410
5682
6769
2817
9257
4028
5821
6986
5603
4229
3988
1640
6325
275
2975
7049
1779
4200
8482
9760
6271
9474
5449
3836
9664
9825
554
75
124
1331
1922
2984
6161
9228
4493
603
6426
3361
4655
8645
9433
5846
4904
7096
3868
7947
5813
919
7312
7978
1439
1191
5524
8531
947
3825
4415
9524
7611
5152
7902
6102
1230
1224
6902
8877
2381
7303
376
6905
9108
8718
2394
4399
4090
2662
4543
1538
8132
6952
3666
3510
2896
4242
4649
6545
3570
1161
9950
2531
4748
9770
4404
3433
6553
7888
6973
4846
9253
6076
4860
2819
1829
1410
2631
1565
369
3176
1951
7850
9914
7009
5096
7807
881
3195
4753
7876
9265
5664
8453
1250
7248
1242
6739
1690
7269
5269
1826
1233
2314
878
8914
1725
5748
5535
5501
966
8259
6829
8277
7307
4989
8263
2017
6622
1035
6540
6365
9207
9181
7288
3731
2666
1721
3994
6366
8982
7099
3996
9226
2492
6057
7210
8307
1275
8965
4139
9837
7711
3662
8953
8808
2571
8133
1805
1278
2483
1152
3786
811
4741
5452
3948
9244
4366
4738
4202
8587
2756
3881
2992
6858
3404
1017
5804
9828
5379
9780
5819
3635
5773
3768
7803
1164
6276
7388
4908
5877
2419
6652
8678
5599
7678
8054
8220
8229
4756
5348
4328
4119
3896
4508
1041
7761
7995
1101
6450
7313
8596
6883
8193
2746
9077
8272
4081
5963
5028
7472
5716
6129
6128
8135
4362
9229
6396
5477
6579
9651
6380
6705
3843
6165
2118
2295
4038
4640
6343
4733
4554
1011
1450
6192
9945
1704
6612
2855
2536
4098
4108
1032
2207
5581
9269
2537
5498
3360
2891
1257
5243
8586
5220
6091
3857
4052
2030
4329
2820
887
7836
5349
8140
12
5007
1628
3634
533
6304
9402
2609
4831
8687
1621
2730
7539
4295
1338
495
9540
1484
7586
7317
1037
3227
2313
9018
3088
3420
1244
8983
5479
2695
1108
4080
9861
5755
8853
6455
8239
6109
2191
5282
8571
5967
9517
3351
3301
1574
8014
9467
6600
5357
7229
5053
4588
6088
826
1144
658
6999
769
364
690
9409
178
8244
2045
5388
2472
8892
1508
7554
4411
5066
9383
3067
8688
7952
6188
3642
780
2541
6438
931
4650
33
4755
5863
8331
3099
5955
3230
2771
4031
5628
1668
7959
4177
3925
6949
4010
544
9126
1840
3119
9440
7594
9776
1456
8414
4471
9117
1909
9330
6105
1266
5976
2785
4488
7977
1866
3378
7151
2555
5728
2005
8353
9587
524
5408
49
3946
8376
7837
4427
8389
3851
476
4701
7461
4223
7691
1979
8425
7580
59
215
9719
2914
7744
1758
6861
8160
4813
4335
1594
2944
3207
6985
1132
9714
8816
38
7177
781
4333
9494
6111
9968
4394
7408
2378
9692
5493
7142
7199
304
5908
3893
1802
2352
4952
9422
9398
9454
2269
5087
2683
3289
3178
9805
2283
3966
5560
1854
8195
1731
425
3219
8099
8515
4373
8909
5193
5297
6089
1660
7072
1573
2068
9110
6518
3412
2835
8701
2336
418
1379
8234
6260
3659
7282
6691
1921
4814
6623
2434
1142
9395
4479
5089
5463
9490
7087
5051
9419
2284
9391
3160
9666
7838
4951
9928
8382
3755
5594
2838
7262
8444
7547
5484
322
7501
3818
2090
3174
2761
162
494
5974
7700
5638
2300
394
9984
5339
6395
3019
1435
2460
3352
3897
2208
539
1178
3569
7013
3298
7816
8412
4350
1423
8691
9531
2292
2752
8948
2706
9055
9873
5417
7615
6711
4156
8705
9026
5551
2221
2075
5879
1358
2766
849
6198
8658
8944
5706
1319
3021
822
3775
4206
735
5445
871
4878
6141
1213
6071
3399
9773
7033
3135
6124
7075
6159
1362
3864
9922
3757
194
7568
4898
9042
4315
5090
5776
3112
8118
4169
4113
6830
3971
7625
4007
4356
6956
4596
6019
9470
1680
6893
724
7297
9744
6841
8213
7237
4061
9555
4161
6067
3092
3520
3792
9632
7170
782
8080
512
1052
1129
1354
2862
8890
9225
6342
3614
3087
3440
8627
8456
886
8498
4074
2764
2150
3954
5399
5729
3535
9401
8409
2903
3177
4889
2330
8887
5281
2009
4421
8020
3941
6605
3415
3559
2081
3586
7230
6617
4922
212
5542
6669
3914
6813
5988
5291
3026
6216
2535
6701
1167
2451
2412
5346
3134
5391
2998
8901
1369
4153
9442
7948
5299
327
2138
7400
1332
224
3601
662
3987
4669
4582
5363
5184
9654
3577
6371
2447
2467
880
8833
3224
8260
5178
1507
3451
9436
4101
4070
4
876
116
7405
5389
7028
7309
3269
6054
3327
4608
6750
5668
7764
2982
8327
9367
8904
3331
6459
8667
3895
7014
6171
2273
562
5675
5900
9917
7904
6270
8504
3469
5558
8751
1862
2939
7244
7965
4643
8142
1299
6604
723
4475
8514
8947
428
9729
4939
2329
1077
334
3368
4481
5024
7584
5372
7484
3358
1610
9705
254
1696
9370
8873
2656
6478
7624
8557
9868
6678
7701
6310
3201
4879
7873
1625
1732
2056
2564
285
1851
3493
2244
2573
8694
965
627
9567
5979
5875
9366
5786
3847
2576
3746
3216
779
2348
6914
2114
2198
9988
7270
558
2729
8980
5304
1733
7885
207
4666
4255
3581
1008
7123
1318
4847
3533
4252
5472
6725
1215
317
3246
5158
9277
2743
5532
8700
4414
4771
3687
867
8158
4678
1912
1934
1566
6888
4991
6964
6798
1040
4205
8355
6672
9049
9399
5545
4599
1838
6823
1761
1546
1728
19
8923
261
3761
6269
3005
6635
2995
8341
1091
9564
9493
5718
4670
1609
3164
1416
6063
1773
4409
7637
8144
9534
9337
8267
3243
5933
70
1937
7083
3648
6487
9500
9510
233
4188
1000
5056
5921
9569
3446
5610
8547
1237
8040
7124
827
8911
4284
4465
3086
5462
4549
3807
2076
705
9259
5298
8337
2580
5207
119
1540
2051
2737
205
3802
3788
9759
5496
7497
8682
142
4869
5844
8567
758
7097
6509
2655
2813
921
3863
1857
5418
8725
8394
8342
3753
6758
6810
4110
5084
8714
2851
2008
2870
9565
8915
9618
301
352
5693
3921
3090
8884
1742
2179
6162
7116
7643
1072
8223
7403
8030
1232
667
1580
2612
7202
9072
4610
1989
5117
8129
5392
3592
9103
5485
4793
9699
2497
43
8696
3329
5374
6563
1067
3646
4657
4614
4417
1615
7430
9684
5376
4994
3812
7667
9082
840
5761
4382
6787
2232
4791
8297
4484
3418
5368
7685
7987
2373
6299
1942
4633
2911
4413
848
8048
8811
5543
2795
2161
1111
8899
4094
5163
3985
9535
9066
9045
8413
2816
3633
6906
4083
6958
7510
4521
2517
2616
4147
3364
8566
5262
4553
3014
7206
6808
9051
2608
7332
8770
9112
3721
3962
7158
7906
6234
5624
8898
2113
5677
4875
2875
3037
955
9627
6897
2941
6749
1727
4326
2791
5333
9434
50
8197
4597
8266
8017
4851
4247
3741
1342
2664
1496
8713
9502
9909
351
1295
4003
1174
7112
5552
8569
6797
5060
1436
561
8486
2021
5602
6618
1585
9089
1475
4836
7905
9227
7549
1682
8251
6189
9620
1189
5512
8775
5912
8134
1825
4424
8146
9311
8101
8284
4425
3049
220
2590
4304
2485
1999
7173
1346
349
2986
9113
8089
6480
2384
1890
7231
8675
3686
3492
2064
6855
6221
9121
9789
3144
3170
7345
2136
8677
4734
9951
3878
3942
8810
2883
5948
6051
3324
994
3530
7360
8607
7272
5584
4896
7037
1522
1133
3811
4297
2073
4589
1465
1197
4125
3155
850
2561
1991
2377
4958
5520
5604
6780
5888
7715
1878
4274
1134
3293
4777
624
4794
9571
8112
2908
9680
8737
663
3443
1469
8175
3375
1282
8509
429
6801
704
6379
8564
4357
6675
2732
4823
5686
7634
3661
4646
6170
8872
7619
2431
3060
8488
4948
1956
8434
1328
3222
6149
1616
2798
5884
559
7852
4648
1737
272
3434
7768
7493
7503
7863
411
6186
6440
5796
1087
661
834
5495
5533
4528
7215
3698
8154
8138
8784
5700
4457
7204
8791
672
246
9420
5615
9204
1263
7137
4787
98
2127
8921
9860
9006
1798
9920
4212
7708
9824
7530
915
963
695
3701
7019
2769
737
8830
3094
3506
1019
6929
7557
4681
9720
5998
4837
4768
3945
7583
9929
3031
1675
988
8439
6822
16
4914
651
4647
7629
3951
6981
1322
8386
48
2173
832
1146
907
3486
5142
1274
1392
8201
5578
81
2553
4455
1313
9485
5780
474
1914
3326
9203
3241
5814
3769
1563
1996
5494
3464
3504
669
6714
519
5149
9268
5516
2610
5886
1211
6138
6937
8275
2594
9341
7974
939
61
2358
2717
7440
2518
1972
858
7522
743
7879
7233
7813
5457
309
8950
5559
7971
6278
2993
3605
6155
1883
6400
3190
3688
5978
6633
9046
7015
6832
2802
1391
4364
451
1602
928
7085
6288
6781
4086
5833
2715
793
7980
9230
8654
2111
3255
7025
9090
5913
2317
4950
7129
7864
7411
6537
4840
2250
3960
2821
4273
1432
9115
6850
7495
1595
2981
9886
2343
8086
2459
4920
8067
7399
4378
9764
7435
9741
6485
291
740
5022
9335
2102
7374
8209
2338
9767
7972
6811
9428
112
4235
6700
2929
6557
7998
2927
5159
2842
9613
5031
5164
7213
3909
3297
2037
8423
9995
693
6377
4422
3342
1472
3827
4265
9478
7654
2919
4303
5404
9634
9913
9986
3704
1059
6848
1329
3919
8764
4694
8228
3690
3035
2645
9851
7044
6586
5613
2792
748
7696
6262
4512
8492
8758
7523
373
2731
8684
3065
4501
502
6229
3491
492
2846
4561
2091
4044
3393
6098
9974
7422
2976
3366
5323
243
4843
3580
5318
5194
459
5467
9252
2669
4155
9850
6311
4965
3852
3900
9339
8313
9347
5554
9854
1421
8116
9919
6011
4293
1808
6306
319
9617
2290
5403
2534
8395
1148
7492
283
1009
8105
1542
6866
5808
3427
2718
9911
6903
5497
772
4760
6947
5964
889
2080
7224
1229
6977
4915
3952
1079
5078
6354
3070
7008
3561
41
5406
2025
8574
4983
2881
4253
1833
5538
2325
7382
2613
6227
7350
5861
1186
1917
8
8907
5667
8945
4679
4498
5656
5952
9768
3020
642
7656
6654
4930
8829
1045
5696
4216
9962
5694
3949
5840
7917
7729
9196
5701
9313
3247
8136
5690
8570
2598
6628
7073
909
7296
8585
856
3718
7104
7695
9159
5431
1766
7783
8629
9289
3357
7217
8437
6382
5025
1014
8880
3432
2974
4305
6360
4716
1827
9980
8332
799
2178
1180
7655
1973
6177
4834
3000
5311
8979
4560
1117
4645
6003
1243
6661
7524
8526
3858
764
2649
1225
1971
5099
4801
1604
8817
2776
9074
3636
7653
6235
9020
8540
8660
7649
147
4907
8932
7589
167
6681
6578
4426
5523
8739
5927
2237
460
8690
3840
3644
4706
5446
5057
6993
4866
7351
9036
5316
3502
9927
1470
4006
9501
3083
1396
1312
2869
9250
8971
9167
9985
9856
7716
8202
9918
9756
8076
5862
5231
7835
6114
680
5548
5640
2109
1205
7416
3830
3127
5161
3333
1553
9373
1303
8001
7805
8524
3111
6777
4568
641
4342
2029
1870
8294
7927
8812
4403
7357
8510
6837
4523
8183
1966
9328
2860
6290
7525
2592
114
503
9194
3323
1842
7591
5889
4063
3728
9201
314
9877
2533
2679
443
6818
4374
3743
9010
2611
7829
7506
3890
141
4863
4769
175
7187
149
8462
1169
5143
943
2126
7428
2488
9899
2952
4998
9200
2023
2983
2137
9602
396
6702
2052
363
2251
5126
6892
9933
4572
9701
3142
2353
5743
2832
7464
995
601
209
7490
730
1803
6265
1608
8176
6205
2879
7234
1315
3619
9424
5836
775
4456
4250
2498
9977
1757
8878
2874
1782
712
2709
7300
7913
5555
2504
8180
3685
942
9791
4158
4420
5860
3411
6591
4280
9631
2887
3534
8857
3953
3039
3231
1188
806
1897
5394
5726
4937
674
5350
2092
9983
1200
6991
3627
7249
7379
568
8611
7897
845
9743
2877
9698
6747
6230
6901
372
3678
5600
3221
3682
6131
2248
4842
4899
2689
132
7022
6139
9059
1068
1771
9193
3079
6995
7831
3450
9499
8608
2183
9813
4686
5890
6474
6313
2937
9900
6765
7415
6113
8842
7103
1335
1873
9249
9887
68
2853
7392
1481
7320
5629
2435
8058
2001
1622
3168
71
1380
8094
7463
3153
9205
3259
7954
9255
326
1259
2368
7418
7499
3607
4392
1674
7266
5762
6846
2209
115
6541
5507
6412
6603
1709
4569
1697
6976
8298
3626
5735
5265
2327
6833
6386
5588
9238
5303
6302
101
7562
8881
7963
5301
6677
6493
4687
3683
4351
3175
7988
4714
5711
1642
1947
1557
4019
1578
7970
450
6401
4592
1344
1141
525
4804
9232
6972
7194
5426
569
9273
2458
3744
1112
5646
6251
9464
6327
3179
6584
1374
2354
5480
1698
766
1755
6305
7937
6513
6919
7936
3764
2403
4765
7381
4642
9936
4594
1477
5887
5320
4776
521
1877
5246
4448
5849
5190
4367
8774
2667
8036
1880
5864
4176
8676
2827
5162
210
2213
3618
4531
4433
6564
4570
7051
1656
3643
9972
9838
2035
4611
4581
3407
1398
1015
6987
8535
8976
8256
4079
2789
2187
1520
3898
3490
203
5423
231
2382
5977
1081
7001
8087
5962
6794
7541
8273
8619
6489
4803
8582
4243
4486
3654
7246
3054
3436
5738
1710
8897
2668
2921
7362
8554
3226
1831
895
1480
3594
5617
8731
271
3674
5191
9445
4473
6029
6853
3150
5641
8301
585
6030
8182
7985
297
3196
8168
6127
1426
2396
2494
4478
1371
4929
9487
6763
1663
390
7024
7366
4173
3694
4736
7521
242
2532
1492
2543
8131
3344
812
2457
7559
9233
5198
7531
9648
630
7763
2902
2678
3062
5401
6873
4249
2890
7491
6187
7352
9679
2042
2742
7228
8598
9997
8130
3379
7214
4724
1789
7156
6454
8631
8053
5662
8766
7689
950
4634
6279
6207
166
6821
4936
5273
2724
3650
1729
4365
2395
1293
2705
5068
3805
2722
5325
5637
1039
1519
2958
7979
5778
69
4644
7976
4100
3841
5795
4514
1785
9713
3907
5784
3058
5966
2596
4241
475
9492
3396
7260
4452
7639
8155
5969
6511
5483
9693
6123
3776
7053
8242
6154
5335
7127
7684
1097
3027
4170
1796
9323
6692
855
2211
1430
1154
5214
9283
9572
3540
2275
9321
3823
4221
7443
6415
2966
9157
3862
5936
5204
3425
1560
4970
65
7133
1350
3143
938
9931
5381
1499
4270
9426
1420
7101
2973
1847
8402
6791
4574
2962
7690
9610
2967
1138
9280
7560
8075
6844
2067
8237
9810
6703
1513
1778
6410
567
4605
3541
7109
9885
6745
6609
9484
6869
1900
6340
5583
5764
5916
7558
1856
6684
1992
6953
9071
7544
4978
1535
9603
2376
367
1256
2617
6928
2185
1927
8060
9967
6075
8288
7778
1645
6219
1959
744
564
39
1686
1119
4516
4165
4615
6024
1103
1240
127
401
3438
7962
7059
4992
9180
5774
7353
7665
830
2414
8374
5772
3782
1911
9663
7600
7398
6394
3739
686
106
5240
1886
4895
6990
7650
777
4873
9843
7205
2556
4149
1816
5692
5443
8043
5742
6938
1441
1468
2629
7042
5787
618
4278
9040
5371
2990
6283
4444
4557
2206
8647
2215
6315
2443
2627
8888
4144
4224
6466
128
6370
1187
5639
2946
9643
7662
8522
1383
6667
8781
6470
2335
9209
3042
2393
7916
8323
7782
3339
5139
3927
6689
1630
2765
8859
8380
4715
4996
7915
5454
3756
3932
4470
5171
7686
9875
829
7798
8121
3017
548
7039
9125
5377
6103
4943
1788
4821
5839
9953
7577
3501
2793
7488
9832
3115
7168
8551
9385
7371
6795
6542
3567
3656
1819
9356
7150
8064
8262
5989
2635
6004
2602
4469
7192
3596
946
1707
4103
2212
9085
5420
5592
6172
9338
491
2255
5369
2549
9642
767
8931
9794
4416
1109
4673
6560
8163
2807
6182
6009
7157
3137
1140
1113
3505
2012
3749
9054
1818
2007
5464
470
7080
9116
1043
3304
3560
440
485
8303
9957
3397
3369
9806
9934
3671
3102
509
4800
5094
5133
6638
8938
869
7264
4349
3555
6559
4172
6899
4654
4105
9906
6904
6601
2356
9592
3076
6323
6318
1895
8312
2948
3334
1107
4049
6301
4492
493
1389
3833
3426
2070
9560
7827
6916
8533
853
6350
100
4626
6017
4662
154
1170
3944
9340
763
7722
3968
8972
2417
3795
7188
7166
7005
6968
6018
986
4759
1347
5238
9343
6308
1588
2194
8032
3817
4354
6368
6971
8419
1572
6122
622
3029
8013
3294
8039
6682
4838
3672
3713
1821
9646
8708
550
6134
1209
4406
5268
251
9135
9696
4198
5845
4601
8967
7746
9784
2905
7325
3347
463
1924
4023
9411
6771
1046
8671
8181
1617
8539
3272
6378
4171
4497
431
616
1965
8472
7846
6284
520
2099
9901
6163
4207
9736
5614
7011
602
5275
4194
905
7679
8458
9616
1659
4167
4910
4288
5255
6674
2719
8885
9751
3341
2508
4462
4532
8732
2969
1153
720
6501
7652
1273
6766
2716
527
7447
4535
2714
8990
8000
1561
9623
2116
3509
7460
3328
6878
2112
899
6886
6287
9039
9864
5504
438
3008
8145
7780
5918
40
6166
4624
2987
3657
5926
8752
5673
2681
477
2446
4637
6852
6479
6241
3391
4975
2448
4151
4034
6285
7340
8704
7387
3064
2710
2478
9279
1126
9761
414
7561
8479
7174
6686
1570
7376
8470
9234
3526
5174
7326
5539
6203
6160
6280
2808
8113
3266
4320
3697
5461
3485
5827
6782
1176
1618
8403
4928
2546
2018
5763
7604
4887
6408
3882
3652
2538
9786
5181
7930
1302
3239
1066
2286
7648
2013
7180
9847
3370
357
2388
8415
504
1286
6357
9267
1326
286
7027
2291
9368
7769
4598
7895
3597
1529
484
1864
6573
8165
2723
289
5254
1458
3724
596
9481
4369
4405
5365
1534
7957
436
1695
3034
5747
4882
4780
6333
1120
4000
3975
857
8171
9070
5233
1783
5359
8733
7380
4917
9665
2511
1562
8258
6668
9636
4395
3680
7862
7000
437
9465
7825
5590
5874
155
206
8822
165
8726
8823
3421
9005
860
9303
6441
1047
4683
701
2192
3531
8406
4111
7508
6589
2050
5118
8065
6028
4885
8007
8805
6195
453
8697
3138
9853
3238
8189
7397
1967
6867
9519
9394
5398
7548
8393
3194
934
6731
9867
941
413
3462
1182
9522
8490
2928
458
4490
2628
6724
1377
5831
3122
5165
6807
6917
6764
2349
8320
5672
8324
3290
4881
3445
2782
6307
4384
5665
6543
3593
6921
1357
3670
4717
6361
3956
4894
632
5502
5353
778
3057
3203
5544
337
4353
546
9653
545
8762
2633
3383
5305
3940
5414
5521
6504
9932
4017
1926
3401
784
7143
4556
3915
387
1583
8219
3564
188
4723
5759
5436
2454
7853
4184
3821
3692
37
1491
7469
9658
7802
8357
831
8734
3055
4743
5386
4480
4314
2954
3583
5893
6567
2415
4921
2307
8828
547
2341
6880
4985
2632
5242
5309
8699
901
1654
3429
7450
356
6164
8483
635
4055
9380
7115
8261
6998
2402
7291
2010
1688
3480
5293
8867
9539
2176
790
4696
6409
5919
2882
9543
5175
218
6637
3709
7334
2110
9023
2371
4767
6320
958
3598
4627
1060
591
8069
1487
7860
7858
9711
7748
3574
3232
3447
6132
1983
4388
9079
5647
8995
27
675
4491
706
1007
805
5925
6464
3172
9375
1177
7284
2880
2734
5708
7896
244
6298
7002
7263
42
6951
8325
4623
6402
8167
6403
1483
1935
3860
6982
640
3865
959
2849
381
1548
5160
88
5296
4464
2166
2824
1284
8321
172
4964
3036
6572
7331
3518
2463
962
9783
7161
5856
9276
3844
8552
6845
5097
6975
5251
9771
1855
5248
2452
5109
9640
3156
399
4742
9752
7901
4060
5799
6551
7704
1272
841
3125
581
1587
6151
9563
5034
671
9529
6980
8292
2474
1955
497
4718
5492
8796
3563
6259
8429
2054
1399
2663
6359
1462
3606
8153
5347
588
1736
4193
3923
1714
3166
5413
482
3459
5069
1092
9037
7365
1793
7076
9723
135
1016
6179
1476
4558
5574
8949
1537
9076
8600
6562
8199
498
6267
8844
9550
2595
838
9782
5572
9573
8834
1787
8556
5869
3131
1790
6316
1676
9970
5695
9414
5397
4376
4489
4339
7866
7617
5382
6826
4053
4602
6636
7346
7812
3402
4752
8595
5067
9766
8190
3613
9678
3149
8905
2004
7703
1304
4530
8268
3314
9168
9404
989
7181
8363
7132
4385
4903
8744
8776
5769
9625
7911
5631
5745
7887
1292
2282
8338
6803
4410
1713
7285
105
3562
3653
682
247
1363
6296
785
9166
6231
5288
3628
1670
4812
7247
4418
2257
8908
7585
2586
5655
8231
4621
6978
3355
284
2210
6452
4502
1343
4641
3892
3751
5854
8977
5393
9788
3046
9989
2526
7767
9189
2438
7532
6779
2468
1074
8104
5015
6961
586
4057
2763
8568
5579
4513
2744
8692
3193
8173
8103
5018
3801
6374
4152
3108
7612
129
2540
7505
8496
7035
3307
3689
3877
8630
2122
406
3261
63
6429
2405
713
8930
3414
992
6770
9577
609
6064
8831
7225
4138
8372
1151
5950
9737
733
6433
7875
5437
6469
4661
5961
8235
5595
9647
718
229
8505
2529
6349
2759
4946
7528
7091
7238
6695
4286
7534
7147
2806
1944
5820
4698
882
3431
1390
3237
8559
8388
4835
4703
563
1206
5444
8362
4494
248
2000
2676
2845
6274
7287
4798
7429
577
4451
2011
2772
2154
5106
2235
3625
7356
9963
3012
7674
6988
5931
264
8801
6925
6484
5642
7973
6424
8876
9633
2240
5940
7857
1280
1708
2428
4132
8106
7880
385
6010
5996
2217
8852
9290
2
4439
9271
8541
4027
1502
3783
8333
6210
1701
8546
5634
4401
232
7772
4024
6119
623
6983
6206
6690
9206
8214
5503
9278
239
6495
2026
670
731
3499
8329
346
7347
8296
3645
3100
9669
8021
5014
6912
8588
2165
7839
134
7605
6090
3258
9345
4960
4925
7891
5456
9671
3489
8477
3759
6569
4461
8478
6748
6774
1581
409
7056
3053
7941
1289
6992
6944
5354
8606
3623
3292
6101
3136
8408
6062
7756
976
7720
4210
2337
9063
3129
5651
2607
4746
6856
2837
3766
8728
1672
3507
9724
7949
7719
2486
5200
945
1486
4092
7367
1784
531
1424
6023
1155
6126
6649
9031
3639
4826
4078
4825
1305
9827
4954
9022
7457
6505
3532
6720
9802
719
4088
4233
8271
4483
1901
1706
6445
8695
4527
3183
1085
4045
917
8270
5868
7162
1159
1202
3947
223
9315
4893
8448
5228
6042
5582
9981
8358
3235
2346
3078
3481
153
6039
571
8222
8623
7139
1223
1030
2355
1975
3779
4454
2936
4751
3338
1401
6176
1453
9615
8051
825
3271
9655
2684
1635
5515
3816
4979
4511
7290
1183
2917
8047
4552
1175
5760
8894
8461
7651
258
5896
1575
7946
7758
5938
8464
6077
6384
7241
4710
2302
6828
8438
282
4400
3789
7354
6535
3154
28
2693
2760
4852
6247
3842
7735
6481
9938
6719
5113
3248
9447
4189
1525
5416
2727
7823
4728
9148
8727
6606
2895
4168
6074
5898
6248
6045
1775
798
8364
9969
8621
5857
9412
1748
7754
5793
1083
4727
3615
4264
2162
5704
6616
1086
8997
5147
2230
789
2918
9319
5939
776
8865
8093
1258
8850
9393
4790
7640
111
6201
4232
643
3410
3197
3632
4360
8989
556
6839
5064
5168
7165
9038
8681
1841
9104
6776
970
3734
274
6671
6148
2797
2514
2038
4434
3640
8952
8534
2562
2262
523
5235
7055
486
2036
3621
4600
3240
7218
1875
9011
9879
4013
7509
7335
7144
1531
6804
9725
2271
4616
2636
6191
4336
4713
1958
2132
8070
6277
4547
1839
4609
8335
636
7726
104
3130
2597
2195
6943
7446
2433
1327
4708
8035
4277
4062
6038
742
2323
6341
8562
8920
8843
5470
4245
1990
6006
95
8741
3439
9683
2002
3059
4137
2626
3503
6909
863
4955
6737
2584
1699
4020
5487
5216
9301
7004
2957
1265
1002
9078
721
7149
3044
5529
8951
6721
3624
8328
8599
6619
9088
8179
752
7992
5687
8122
9785
5828
9237
9799
7786
4046
6718
1889
4880
6047
9735
5157
2916
7960
1056
6524
7125
9361
5852
1309
5944
164
4330
3904
5095
2507
7945
4854
6664
5859
5455
441
2345
1658
4534
6687
74
7822
7384
9971
1050
599
6066
6824
6871
5424
5486
2565
2171
7886
1298
5785
9284
3579
8359
7390
1090
4935
6273
1834
1368
3417
8082
3215
2366
7164
6437
2812
2279
5261
5806
3943
8443
7569
5429
9475
2641
5083
4711
7065
5021
5187
3885
3965
3822
5425
8368
170
9722
4331
3958
6226
2357
8286
6583
6939
7717
7538
2077
8576
7834
3973
7342
3848
3839
5358
8940
9925
1527
9134
2481
290
7614
8516
5336
5643
7337
7893
6854
5882
8544
6490
2374
2642
843
2691
5169
2920
407
4218
4816
5792
7016
6735
9048
7119
3814
3385
9156
3287
8592
2294
1756
6935
1482
9712
4604
6571
9065
9547
2568
9872
4968
9406
7186
9413
338
196
7420
5811
1850
6526
3472
517
8685
9973
9869
3038
468
5850
6097
8170
3856
8755
3048
7529
3803
6577
4279
8378
8918
4762
1402
5702
6786
1835
7855
3028
3435
6840
2006
7517
5980
7481
879
4868
2031
6984
1657
2794
6020
1165
91
7773
3584
7660
5960
5049
4913
6167
4660
6245
3250
6356
3109
1652
2121
2493
6147
7359
9992
6934
1954
8367
9582
1405
6932
4430
7657
576
9840
2094
900
1916
8216
3819
9545
6529
9175
2579
5328
8698
7092
9476
4855
1743
2143
2803
2687
1892
7476
6417
9865
6512
2379
8782
1212
3211
2020
5825
8638
7479
6087
7034
8351
6546
2615
1671
7100
7167
892
6752
7745
1915
9650
8506
9926
9599
8169
3700
5885
2773
4932
1321
389
1210
7958
8985
2350
5547
7330
7630
4343
1457
7299
5842
7872
8693
3609
6326
1214
3981
1512
4066
7052
2788
912
9593
9400
4091
1193
2400
9405
4667
1664
9626
9528
2028
3617
1759
2578
4839
488
8970
4865
4691
4227
6001
5460
8253
9164
2175
3047
4688
3886
1440
253
3311
1139
9549
5337
9043
5322
2867
2800
1893
8238
8837
4980
345
8192
8912
2152
3202
3167
8236
9314
2072
9996
299
2557
3512
7739
276
2200
9161
7800
2444
2455
3720
7434
348
2140
7964
7546
8858
5965
3387
21
9052
6931
7421
4853
1976
6158
1361
3794
213
7718
2299
3663
4071
3849
8802
8617
2831
4507
4778
7110
7462
3521
4697
8603
2844
7159
9184
9579
7953
4359
8839
8618
9182
5550
3669
9403
6843
2674
7407
6258
4515
1536
58
4048
4127
4130
628
7616
8795
7077
8334
7
883
1429
2997
3157
3069
774
6547
2665
3477
8642
5935
9774
2450
7740
5899
4134
9792
9562
2826
5791
1239
5289
4283
3330
5843
6624
5244
2544
9796
1355
8760
1171
7869
1271
2427
8643
2670
6289
4145
7021
2688
249
6759
1589
7645
7113
4969
9530
8632
7809
1650
9731
3085
2754
415
6576
8445
7956
1533
9821
1366
5815
4217
8960
2268
9030
3403
7293
6517
7064
852
9061
6520
6967
5077
4559
8385
9817
2387
7694
5412
2413
5737
739
7268
6112
3041
6757
1596
9790
138
2041
7618
8855
2149
9954
1162
3354
7191
4182
1592
7409
262
6035
5589
4909
9594
6303
6041
6523
6451
4122
5469
8788
9839
6685
9556
964
2907
9461
7251
1844
1501
4371
8520
9552
5140
2226
2947
580
1963
7536
8869
4449
4685
2671
1500
5876
110
3696
6347
9757
6588
2264
2245
7478
8513
7762
3392
4352
8446
5314
9448
687
4735
7232
177
9612
386
9600
9456
2801
5951
5892
1666
2123
5789
2654
9187
1150
3929
2418
7751
8152
3074
7931
4720
6923
4008
2630
2618
7889
6447
5146
9360
7842
5279
9466
3476
5075
4997
1446
2084
7292
3496
4638
7663
1495
1125
6108
9261
5224
2105
6083
2713
1105
5526
4668
8563
1094
1809
1455
2978
8248
6055
6706
478
9598
5249
7045
2915
8494
4680
9195
9198
9732
9904
2106
1577
8495
5709
1760
7601
1653
7830
8736
981
3835
8800
8996
4905
6324
8722
6418
4892
9661
9809
2301
5765
7466
5005
655
1620
8861
1764
968
9032
9057
6032
1378
6094
6421
4761
8249
3463
126
7733
2261
6080
751
8079
918
323
1673
1049
9842
6522
7102
3723
2840
9673
4856
612
9551
4577
6666
3553
537
3279
9248
4370
6933
8018
6329
2144
7736
5970
57
9480
3612
9482
2369
7483
8283
9251
4291
4659
9397
5598
3993
4518
8662
8518
6575
7693
395
1930
200
9691
4076
7603
5679
1582
3736
9459
8578
1913
5179
6153
9941
2577
8117
9544
292
7277
7315
4377
6656
7470
8929
5601
8517
9047
4431
6014
3867
5222
9518
7766
4116
7894
8063
8487
8265
7122
7226
4959
3182
4806
8314
5790
7432
6095
5649
1763
1417
4142
1828
1235
7966
4150
1285
93
3281
3158
6742
1905
4499
7749
5894
4509
5332
9595
820
5822
933
316
3066
9029
1945
7841
3228
1425
3785
4327
184
159
2868
9025
5351
8210
9819
8172
4971
9326
1812
7628
2692
5779
9908
4102
7275
2420
8033
5650
8347
8435
1082
5540
4186
542
9830
8449
3651
7683
3933
139
9628
4941
8748
7444
2320
9450
8426
9131
5197
3097
8055
7699
7424
3461
2253
4037
1288
6924
313
565
2471
5145
4160
854
259
6034
6885
2804
5621
2364
6708
9014
5794
6117
3566
3045
3320
3511
24
9619
8432
3120
3850
2225
5011
3820
2304
5447
6443
434
5949
7486
7989
8902
7849
794
2107
9607
2411
552
7811
9028
2854
4073
7578
7934
8849
7066
7940
8162
656
3622
3095
3209
5148
7070
3262
8602
9641
7050
312
6391
2810
844
2093
8819
2256
1786
2700
8870
5061
9473
2367
380
8361
183
8771
6358
7136
3022
613
265
8593
5340
3276
5676
513
9998
3162
715
3478
2201
1102
1413
5321
2258
6150
9308
5971
2825
1281
6699
2148
2456
5556
211
7742
7579
3382
6863
9703
2233
9804
3936
9649
6096
3762
7155
703
5983
1923
6996
9146
7840
6896
2778
9317
7216
6482
847
6463
3374
872
6056
6218
9960
3245
5570
3829
4981
5411
5571
8045
5042
6244
9333
6292
6507
9197
6211
5674
2643
2971
391
788
5697
3983
1029
9888
4154
8790
652
1846
2061
3484
3043
2569
4387
2956
1370
1279
5212
7082
2755
2805
278
9507
5465
4774
4309
7582
6626
9542
9124
2603
8721
3372
4386
2083
4845
1811
214
5812
9441
7433
5048
6710
5208
6568
7622
9993
1003
3488
4226
4792
2847
2421
4236
3972
2823
6913
1433
6044
5202
7267
5459
4872
1586
5409
9215
5405
4338
217
4281
3828
6602
9013
377
7498
2989
9881
9381
4565
7826
4957
7031
4002
3424
8925
9548
7659
4239
9439
6181
7185
8777
3726
9629
9497
2135
6729
6966
7789
1639
8008
2841
3879
5723
9797
2157
2900
8543
6615
8108
5999
1745
7939
185
2342
6376
4095
8941
1485
64
6827
9091
9793
5123
3537
1488
611
5997
5176
4029
3275
9081
4536
5751
4612
7847
6532
1004
2475
4298
7475
4617
3984
6712
2303
8455
1607
3935
7929
2181
5490
6142
9376
9707
8720
5030
614
7088
6835
3169
3223
7797
7753
7414
1448
7590
1226
1277
5872
2163
7824
8753
8779
692
3321
5510
1953
6082
2552
9750
189
5019
7108
8669
5286
7223
7171
4123
4618
8280
694
6549
5914
2901
4129
5564
626
4874
4004
2757
3252
6250
6135
1794
2040
6133
455
3442
3745
2644
551
9717
5112
8656
511
6255
1372
9371
3684
1598
5527
7402
8387
6969
4199
2053
3522
8221
9795
3748
5232
3992
6641
7372
1969
3738
6369
4381
4041
1567
8729
1503
5153
7658
7664
6859
9415
8666
1386
424
6373
2605
4275
5226
937
6414
198
8659
4567
120
4672
3117
6185
7071
5683
1080
7928
5221
7867
4947
5364
320
833
5016
2441
9930
2733
2696
6243
2252
8279
3781
3575
8973
2131
8241
9008
8616
1740
9923
3799
6215
1403
171
8309
9423
4215
6328
9763
3315
5093
9463
4945
6399
3767
7456
1179
7445
4109
1936
7406
4266
6894
4407
8968
9800
7815
6422
9374
2095
3797
4068
2572
6629
8917
2979
9219
77
8964
2781
5074
8961
3264
143
2672
3449
9460
1333
8579
8942
3912
3798
9939
8150
8264
4256
3928
7933
7227
3717
594
7587
4766
8856
6208
9141
73
6607
3205
2476
3603
7967
8127
660
7725
5415
2796
2524
195
9557
5151
4383
7442
6862
2591
7276
7511
7865
6558
5065
3990
4472
4902
8572
8457
5557
1980
1198
4447
7881
113
4450
2204
7048
2542
5733
6817
3763
7236
5225
4318
8276
8851
2496
5173
1253
9509
444
9772
6704
6228
4820
4789
6754
620
842
5870
216
6570
8369
9779
7883
5807
4702
2968
8769
2726
1464
5973
9533
2437
1739
4924
8862
8400
4867
6884
305
5098
3089
3772
5295
5991
9924
315
7687
8612
157
6834
9140
6891
9990
1730
8269
1532
4118
8780
5684
3529
6346
3527
9041
4622
5734
7278
2120
8575
8926
8519
1555
528
9841
266
689
4246
3905
5105
3468
6390
3145
9477
1373
940
6767
2799
9727
6002
6679
2392
7373
4181
5513
2585
2103
2858
8502
7128
9575
736
4693
3901
6608
1207
5823
1679
4096
9660
1061
4043
6065
5635
6200
2158
3924
2205
47
708
5013
648
6468
1767
4757
7095
339
4700
2101
5654
6539
5680
382
5373
8489
2480
3589
2624
8052
8049
9210
481
2951
9034
8715
8649
1777
3808
5563
1381
9489
8466
280
5050
2673
7439
9635
1172
9336
7705
9987
9348
5004
6104
5920
6620
361
595
3970
7494
975
8212
3350
7195
9708
7627
8148
1603
32
3081
2922
7793
8786
1027
8969
2332
5402
2619
8149
8427
6659
837
270
6722
9491
163
9730
3098
5033
7321
7779
4482
9897
553
3390
2409
3291
5167
2022
5385
5746
9149
726
1705
2955
4085
4519
5981
8604
1445
3834
8974
7712
5100
4435
2386
3853
7666
1184
2836
637
6115
269
3308
7955
375
1661
4136
6519
416
4269
8644
4311
7631
3313
2575
5612
3280
3655
839
3457
8285
6650
3588
